Accuracy: 0.47544642857142855
Precision: 0.5012106537530266
Recall: 0.8771186440677966
F1 Score: 0.6379044684129429
