Accuracy: 0.83984375
Precision: 0.8050541516245487
Recall: 0.8884462151394422
F1 Score: 0.8446969696969697
