Accuracy: 0.48046875
Precision: 0.48459958932238195
Recall: 0.9402390438247012
F1 Score: 0.6395663956639567
