Accuracy: 0.8482142857142857
Precision: 0.8471074380165289
Recall: 0.8686440677966102
F1 Score: 0.8577405857740585
